ImplementAgencyCode,MissionCode,DepartmentCode,NodalAgencyCode,SchemeCode
9,8,17,3,17
29,8,17,3,17
10,8,13,3,25
32,8,9,3,7
23,8,14,3,39
24,8,1,3,2
1,8,1,3,2
12,8,15,3,4
8,8,8,3,44
21,8,14,3,39
14,8,18,3,1
30,8,9,3,7
17,8,1,3,2
7,1,6,1,67
31,1,1,1,2
2,1,2,1,6
3,1,2,1,6
15,1,1,1,2
4,1,2,1,6
19,1,11,1,14
22,1,1,1,2
27,1,1,1,2
5,3,4,2,5
18,7,14,4,39
28,6,7,5,10
6,6,5,5,3
20,6,3,5,-1
13,6,16,5,13
11,4,14,4,39
16,4,10,4,-1
25,2,12,7,22
26,2,12,7,22
9,7,17,4,17
10,6,13,5,25
32,6,9,5,7
23,7,14,4,39
24,1,1,1,2
1,1,1,1,2
12,1,15,1,4
8,2,8,7,44
21,7,14,4,39
14,6,18,5,1
30,6,9,5,7
17,1,1,1,2
19,6,11,5,14
22,7,1,4,2
5,7,4,4,5
9,6,17,5,17
32,5,9,6,7
23,4,14,4,39
1,3,1,2,2
12,7,15,4,4
21,6,14,5,39
17,3,1,2,2
19,5,11,6,14
32,2,9,7,7
1,7,1,4,2
17,7,1,4,2
19,2,11,7,14
17,4,1,4,2
